     3600.00       0.00000       0.00243
     7200.00       0.00000       0.04813
    10800.00       0.00000       0.25523
    14400.00       0.00000       0.71712
    18000.00       0.00000       1.28042
    21600.00       0.00001       1.75800
    25200.00       0.00002       2.12847
    28800.00       0.00004       2.43663
    32400.00       0.00008       2.72662
    36000.00       0.00016       3.03467
    39600.00       0.00029       3.39220
    43200.00       0.00051       3.80388
    46800.00       0.00088       4.22879
    50400.00       0.00146       4.61774
    54000.00       0.00238       4.95324
    57600.00       0.00377       5.24431
    61200.00       0.00586       5.50667
    64800.00       0.00887       5.75261
    68400.00       0.01310       5.98938
    72000.00       0.01885       6.22063
    75600.00       0.02642       6.44787
    79200.00       0.03609       6.67156
    82800.00       0.04803       6.89169
    86400.00       0.06239       7.10808
    90000.00       0.09683       6.85915
    93600.00       0.21652       6.39665
    97200.00       0.58102       6.26550
   100800.00       1.54131       6.50616
   104400.00       3.42020       7.30355
   108000.00       6.83858       8.73940
   111600.00      13.34859      10.31144
   115200.00      23.64725      11.60823
   118800.00      37.08349      12.66196
   122400.00      52.76838      13.61801
   126000.00      70.16680      14.57060
   129600.00      89.06909      15.56271
   133200.00     109.25454      16.61093
   136800.00     130.43941      17.72064
   140400.00     152.35803      18.89251
   144000.00     174.87524      20.12543
   147600.00     198.07220      21.41775
   151200.00     222.32462      22.76603
   154800.00     248.48702      24.15685
   158400.00     278.21162      25.53792
   162000.00     314.62926      26.71850
   165600.00     366.74164      27.23522
   169200.00     460.77054      28.21097
   172800.00     627.45262      30.74935
   176400.00     828.29320      32.66115
   180000.00     972.65214      32.57996
   183600.00    1041.15423      31.01245
   187200.00    1071.43996      29.80391
   190800.00    1087.86921      29.10595
   194400.00    1098.87427      28.59851
   198000.00    1107.49554      28.12186
   201600.00    1114.41185      27.67682
   205200.00    1120.29841      27.16770
   208800.00    1125.26004      26.60529
   212400.00    1129.91436      26.02789
   216000.00    1134.51229      25.43771
   219600.00    1138.56950      24.85145
   223200.00    1142.40990      24.25423
   226800.00    1145.92083      23.65023
   230400.00    1149.17927      23.04466
   234000.00    1152.12520      22.44249
   237600.00    1154.73006      21.84581
   241200.00    1157.18070      21.25241
   244800.00    1159.46894      20.66570
   248400.00    1161.58965      20.08640
   252000.00    1163.57124      19.52023
   255600.00    1165.42344      18.96479
   259200.00    1167.15654      18.42540
   262800.00    1169.11885      17.89163
   266400.00    1171.28783      17.49742
   270000.00    1173.40687      17.19250
   273600.00    1175.46896      16.91127
   277200.00    1177.47184      16.60457
   280800.00    1179.44372      16.27847
   284400.00    1181.31422      15.94964
   288000.00    1183.02964      15.62687
   291600.00    1184.72820      15.30552
   295200.00    1186.43151      15.03191
   298800.00    1188.13811      14.68489
   302400.00    1189.84271      14.41385
   306000.00    1191.54797      14.15324
   309600.00    1193.24903      13.90530
   313200.00    1194.94735      13.62276
   316800.00    1196.64011      13.35117
   320400.00    1198.32872      13.11466
   324000.00    1200.01688      12.86211
   327600.00    1201.70821      12.54017
   331200.00    1203.40145      12.30579
   334800.00    1205.08820      12.12277
   338400.00    1206.77061      11.85833
   342000.00    1208.46079      11.60507
   345600.00    1210.13654      11.39590
   349200.00    1211.76156      11.15098
   352800.00    1213.45266      10.90811
   356400.00    1215.21244      10.83201
   360000.00    1216.99645      10.75726
   363600.00    1218.78443      10.73841
   367200.00    1220.59027      10.68850
   370800.00    1222.43777      10.60370
   374400.00    1224.32980      10.57696
   378000.00    1226.25465      10.50941
   381600.00    1228.20509      10.48818
   385200.00    1230.17821      10.41963
   388800.00    1232.16961      10.34508
   392400.00    1234.17665      10.31315
   396000.00    1236.20281      10.26780
   399600.00    1238.24499      10.23715
   403200.00    1240.29628      10.19319
   406800.00    1242.35897      10.18540
   410400.00    1244.43132      10.13961
   414000.00    1246.49426      10.14249
   417600.00    1248.45068      10.06109
   421200.00    1250.39985      10.04919
   424800.00    1252.40726      10.06460
   428400.00    1254.45300      10.03014
   432000.00    1256.53378      10.03553
   435600.00    1258.25174      10.13430
   439200.00    1259.62972      10.19589
   442800.00    1260.98145      10.00670
   446400.00    1262.37667       9.82383
   450000.00    1263.80664       9.50189
   453600.00    1265.25945       9.27157
   457200.00    1266.72047       9.12518
   460800.00    1268.17020       8.94144
   464400.00    1269.67667       8.84428
   468000.00    1271.24471       8.70373
   471600.00    1272.86443       8.51222
   475200.00    1274.52561       8.37849
   478800.00    1276.22012       8.30465
   482400.00    1277.94372       8.28820
   486000.00    1279.71561       8.12861
   489600.00    1281.51913       7.96605
   493200.00    1283.35889       7.82797
   496800.00    1285.23546       7.71002
   500400.00    1287.15151       7.65907
   504000.00    1289.09765       7.52694
   507600.00    1291.07290       7.31054
   511200.00    1293.08037       7.17761
   514800.00    1295.12515       7.15595
   518400.00    1297.20235       7.03161
   522000.00    1300.09632       6.98368
   525600.00    1303.51793       6.93603
   529200.00    1306.82101       6.97387
   532800.00    1310.04124       6.93817
   536400.00    1313.19959       6.85343
   540000.00    1316.31163       6.72360
   543600.00    1319.39630       6.66468
   547200.00    1322.47831       6.50436
   550800.00    1325.55652       6.45388
   554400.00    1328.62962       6.41429
   558000.00    1331.68188       6.31509
   561600.00    1334.70899       6.22886
   565200.00    1337.71864       6.09416
   568800.00    1340.70742       6.19928
   572400.00    1343.66895       6.09697
   576000.00    1346.61158       6.13810
   579600.00    1349.55862       6.11446
   583200.00    1352.40146       6.10594
   586800.00    1355.14276       6.11222
   590400.00    1357.94715       6.07749
   594000.00    1360.79701       6.17584
   597600.00    1363.67955       6.13305
   601200.00    1366.58044       6.18116
   604800.00    1369.49597       6.24575
   608400.00    1371.46669       6.22060
   612000.00    1372.90887       6.15449
   615600.00    1374.49692       6.06189
   619200.00    1376.24018       6.16693
   622800.00    1378.10557       6.17987
   626400.00    1380.07902       6.21379
   630000.00    1382.13745       6.22426
   633600.00    1384.26286       6.19638
   637200.00    1386.46063       6.25639
   640800.00    1388.71588       6.33522
   644400.00    1391.01385       6.41448
   648000.00    1393.35080       6.41623
   651600.00    1395.72011       6.56542
   655200.00    1397.92445       6.45369
   658800.00    1400.11536       6.56491
   662400.00    1402.39613       6.56638
   666000.00    1404.73677       6.65733
   669600.00    1407.11799       6.81245
   673200.00    1409.52601       6.78524
   676800.00    1411.95238       6.73601
   680400.00    1414.40290       6.82992
   684000.00    1416.87515       6.85658
   687600.00    1419.36056       6.89500
   691200.00    1421.86763       6.93874
   694800.00    1425.02205       7.05866
   698400.00    1428.51121       7.41875
   702000.00    1431.96886       7.81050
   705600.00    1435.43273       8.84215
   709200.00    1438.91978       9.61669
   712800.00    1442.42740      10.15871
   716400.00    1445.95031      10.40710
   720000.00    1449.48751      10.97154
   723600.00    1453.04189      11.30146
   727200.00    1456.61034      11.93590
   730800.00    1460.18990      12.35864
   734400.00    1463.78488      12.87688
   738000.00    1467.39510      13.37511
   741600.00    1471.01689      13.83812
   745200.00    1474.65240      14.21641
   748800.00    1478.30475      14.50744
   752400.00    1481.95676      14.83847
   756000.00    1485.29990      15.17843
   759600.00    1488.70240      15.57288
   763200.00    1492.19611      15.84177
   766800.00    1495.75732      16.13080
   770400.00    1499.35852      16.29155
   774000.00    1502.99544      16.54355
   777600.00    1506.64487      16.66347
   781200.00    1509.83748      16.78955
   784800.00    1512.97379      16.49174
   788400.00    1516.15662      15.80566
   792000.00    1519.30174      15.27122
   795600.00    1522.41427      14.73788
   799200.00    1525.52172      14.12780
   802800.00    1528.63797      13.62226
   806400.00    1531.73539      13.01460
   810000.00    1534.83465      12.42975
   813600.00    1537.95740      11.66857
   817200.00    1541.08833      11.13048
   820800.00    1544.24947      10.77916
   824400.00    1547.43500      10.35121
   828000.00    1550.64238       9.77535
   831600.00    1553.89933       9.62924
   835200.00    1557.18919       9.19035
   838800.00    1560.47982       8.91157
   842400.00    1563.60713       8.31360
   846000.00    1566.75354       7.86461
   849600.00    1570.01871       7.58547
   853200.00    1573.36506       7.29939
   856800.00    1576.77174       6.80480
   860400.00    1580.24769       6.50450
   864000.00    1583.78513       6.02917
   867600.00    1588.20321       5.85951
   871200.00    1593.12086       5.77165
   874800.00    1598.13663       5.97018
   878400.00    1603.23277       6.15971
   882000.00    1608.38685       6.39876
   885600.00    1613.55631       6.52001
   889200.00    1618.74944       6.46540
   892800.00    1623.99338       6.46774
   896400.00    1629.17918       6.64088
   900000.00    1634.44133       7.50555
   903600.00    1639.71083       6.43595
   907200.00    1645.02762       6.40153
   910800.00    1650.36488       6.48733
   914400.00    1655.71733       6.37254
   918000.00    1661.09074       6.70344
   921600.00    1666.56156       6.86726
   925200.00    1671.97699       6.74005
   928800.00    1677.51642       6.54290
   932400.00    1682.51653       6.60271
   936000.00    1687.60475       6.73942
   939600.00    1692.74836       6.81019
   943200.00    1697.89257       6.91160
   946800.00    1702.99957       6.89462
   950400.00    1707.97872       6.97445
   954000.00    1711.86121       6.88049
   957600.00    1715.23638       6.56501
   961200.00    1718.69424       6.50453
   964800.00    1722.29084       6.10633
   968400.00    1726.01735       6.08864
   972000.00    1729.84366       5.83609
   975600.00    1733.73200       5.77523
   979200.00    1737.66930       5.80871
   982800.00    1741.61281       5.59833
   986400.00    1745.48874       5.46949
   990000.00    1749.31879       5.05432
   993600.00    1753.14061       4.92326
   997200.00    1756.98586       4.91269
  1000800.00    1760.84133       4.76815
  1004400.00    1764.65168       4.59592
  1008000.00    1768.41840       4.31149
  1011600.00    1772.19762       5.14434
  1015200.00    1776.06441       4.24372
  1018800.00    1779.96279       4.05641
  1022400.00    1783.80855       4.19658
  1026000.00    1787.58801       3.71209
  1029600.00    1790.99467       3.95200
  1033200.00    1794.49485       3.52782
  1036800.00    1798.05419       3.54028
  1040400.00    1801.53084       3.22704
  1044000.00    1804.99522       2.94401
  1047600.00    1808.31198       2.76137
  1051200.00    1811.65460       3.15268
  1054800.00    1815.06321       3.31108
  1058400.00    1818.45716       3.43449
  1062000.00    1821.92467       3.47418
  1065600.00    1825.47328       3.55915
  1069200.00    1828.92863       3.25449
  1072800.00    1832.40439       2.95998
  1076400.00    1835.88984       3.00217
  1080000.00    1839.37998       2.85243
  1083600.00    1842.87955       2.83920
  1087200.00    1846.37617       2.43668
  1090800.00    1849.87052       2.30713
  1094400.00    1853.36060       2.19864
  1098000.00    1856.85409       0.62606
  1101600.00    1860.31879       0.42704
  1105200.00    1863.71528       0.33591
  1108800.00    1864.09796       1.77157
  1112400.00    1868.21584       1.61443
  1116000.00    1871.61753      -0.26070
  1119600.00    1875.20074      -0.07101
  1123200.00    1878.59976      -0.49986
  1126800.00    1882.04857      -0.50442
  1130400.00    1885.54883      -0.72396
  1134000.00    1888.85015      -0.49920
  1137600.00    1892.28504      -0.72436
  1141200.00    1895.65242      -0.23071
  1144800.00    1898.79095      -0.89848
  1148400.00    1902.30039      -0.76451
  1152000.00    1905.59325      -0.13399
  1155600.00    1908.81257      -0.98045
  1159200.00    1911.11603      -0.88897
  1162800.00    1914.83543      -0.82546
  1166400.00    1918.20700      -0.06290
  1170000.00    1921.55052       0.13505
  1173600.00    1924.98910      -0.04980
  1177200.00    1928.17882      -0.89505
  1180800.00    1931.23096      -1.29111
  1184400.00    1934.38989      -1.74560
  1188000.00    1937.53617      -1.58866
  1191600.00    1940.62876      -1.98903
  1195200.00    1943.84329      -1.85539
  1198800.00    1946.82042      -1.88404
  1202400.00    1949.78455      -1.82368
  1206000.00    1952.85614      -1.63631
  1209600.00    1955.48668      -1.83120
  1213200.00    1959.11992      -2.25148
  1216800.00    1962.48172      -1.60865
  1220400.00    1965.70476      -1.82986
  1224000.00    1969.04503      -1.61624
  1227600.00    1972.29651      -1.93772
  1231200.00    1975.54065      -1.85480
  1234800.00    1978.67595      -1.59684
  1238400.00    1981.95294      -1.68874
  1242000.00    1985.25117      -1.71380
  1245600.00    1988.42190      -1.69164
  1249200.00    1991.67240      -1.63123
  1252800.00    1994.92195      -1.55041
  1256400.00    1998.21477      -1.55642
  1260000.00    2000.28294      -1.59719
  1263600.00    2003.92116      -3.72396
  1267200.00    2007.19682      -2.10906
  1270800.00    2010.40463      -1.67428
  1274400.00    2013.66226      -1.72665
  1278000.00    2016.48179      -1.73495
  1281600.00    2019.70122      -1.50326
  1285200.00    2022.87467      -1.44648
  1288800.00    2025.94962      -1.71025
  1292400.00    2028.74665      -1.68545
  1296000.00    2031.89527      -1.73555
